2.0
2.0
2.25
2.3333333333333335
2.4375
3.0434782608695654
3.607142857142857
4.151515151515151
4.7317073170731705
5.1063829787234045
5.446428571428571
5.8
6.1891891891891895
6.5813953488372094
6.969072164948454
7.2407407407407405
7.483050847457627
7.630769230769231
7.922535211267606
8.383116883116884
8.618181818181819
8.933333333333334
9.266666666666667
9.554502369668246
9.796536796536797
10.262948207171315
10.49442379182156
10.75609756097561
10.940983606557378
11.269592476489029
11.414925373134329
11.761494252873563
11.947513812154696
12.6015625
12.871287128712872
13.258823529411766
13.694877505567929
13.870689655172415
14.37037037037037
14.692307692307692
15.062264150943395
15.447037701974866
15.668384879725085
15.970394736842104
16.2688679245283
2.5
3.4
2.6666666666666665
3.5
3.3333333333333335
3.761904761904762
4.36
4.392857142857143
4.714285714285714
4.795454545454546
5.211538461538462
5.655737704918033
5.944444444444445
6.234567901234568
6.406593406593407
6.759615384615385
7.288135593220339
7.626865671641791
7.885135135135135
8.213836477987421
8.503030303030304
8.845303867403315
9.148717948717948
9.597156398104266
9.800884955752212
10.209876543209877
10.51953125
10.716911764705882
11.13103448275862
11.504854368932039
11.860182370820668
12.088825214899714
12.225895316804408
12.597883597883598
12.904522613065327
13.401913875598087
13.64334085778781
14.030303030303031
14.421161825726141
14.812375249500999
15.138783269961976
15.504570383912249
15.661375661375661
15.812606473594549
16.175895765472312
